      662      303     9     0.25    135   0
      650     -372    12     0.22    155   0
      580     -243    12     0.68    129   0
      572     -521    13     0.21     23   0
      546      193    12     0.18    118   0
      545      356    10     0.72     56   0
      536      236    12     0.11      5   0
      518     -288    14     0.36    174   0
      512      186    12     0.51     74   0
      506     -310    12     0.26     30   0
      497      209    10     0.61     71   0
      472      146    11     0.19     52   0
      465     -224    11     0.33     83   0
      455     -284    11     0.22     28   0
      453     -178    13     0.05    103   0
      446     -382    10     0.58     39   0
      415     -504    11     0.36     87   0
      399     -135    10     0.48      9   0
      385     -478    10     0.44    147   0
      375      -86    11     0.14    137   0
      358       37    13     0.59      3   0
      283       -9    11     0.06    136   0
      281     -238    10     0.22     54   0
      262     -216    16     0.39     39   0
      235      496    14     0.51      5   0
      223      483    12     0.10     77   0
      222      -40    12     0.84     75   0
      201      615    11     0.39    153   0
      181      304    10     0.21     57   0
      177      -48    10     0.18     75   0
      169     -464    11     0.14     88   0
      164      751    13     0.26    134   0
      163      -22     9     0.25     80   0
      158      -89    10     0.08    110   0
      154      101    10     0.23     60   0
      150      -27    11     0.55    136   0
      132        7    22     0.50    163   0
      127      113    11     0.18     38   0
      118     -174    11     0.10     77   0
      116     -436    11     0.34    177   0
      114       62    12     0.13     16   0
       87     -674    11     0.62     42   0
       85       12     9     0.53     62   0
       80     -311    10     0.24     99   0
       73      -93    10     0.34     21   0
       56     -478    12     0.54    127   0
       33      204    10     0.27    135   0
       31     -285    13     0.04    109   0
       26      679    14     0.73    101   0
       10      -97    14     0.67    175   0
        5     -376    10     0.36     70   0
      -17      399     9     0.26    125   0
      -47      -14     9     0.69     44   0
      -79       -0    11     0.47    125   0
      -84      243    16     0.37     57   0
      -97      635    12     0.60    174   0
     -128      470    10     0.20     23   0
     -130     -594    10     0.20     65   0
     -159     -502    10     0.11    172   0
     -196      362    10     0.20     33   0
     -245      -85    10     0.08     71   0
     -280      446     9     0.56     64   0
     -291      243    10     0.29    126   0
     -302     -407    10     0.35      4   0
     -335      276     9     0.53     39   0
     -354      225    10     0.41    177   0
     -386       11    13     0.16     84   0
     -402     -597    10     0.38     80   0
     -450      553    13     0.04    100   0
     -497     -122    10     0.35    114   0
     -597     -473    13     0.65    148   0
     -600       78     9     0.47    113   0
     -632      147     9     0.08    131   0
     -641     -150     9     0.16    170   0
     -687      256    10     0.19    140   0
     -698     -161    10     0.17     93   0
     -704      365     9     0.14     57   0
     -748      128    13     0.41    157   0
     -770      121     9     0.33     89   0
