      687     -321    11     0.14     73   0
      622     -331    11     0.55    168   0
      539     -111     9     0.32      8   0
      466     -323     9     0.36    159   0
      462      341     9     0.45    137   0
      450     -191    10     0.15     24   0
      424      490    10     0.08    168   0
      410     -428     9     0.46    167   0
      384     -174    11     0.15     18   0
      363     -130    12     0.24    174   0
      357     -280    12     0.40      1   0
      345      -25    12     0.81     79   0
      324      569    10     0.15     84   0
      245     -298    11     0.31    177   0
      242     -407    11     0.13    158   0
      238     -661    13     0.25      4   0
      222     -128    14     0.27     52   0
      215      186    10     0.13     39   0
      212      394    10     0.53    130   0
      198     -140    11     0.33    159   0
      189     -105    21     0.10     86   0
      168     -104    15     0.15    172   0
      152     -364    17     0.19    161   0
      102      -58     9     0.20     17   0
       91     -106    10     0.29    165   0
       55      666    11     0.23    170   0
       47     -186    10     0.30     49   0
       34      313    10     0.11    150   0
       21     -208    11     0.30    103   0
       14       -5    14     0.43    177   0
      -11      497    10     0.37    119   0
      -18        9    10     0.11     50   0
      -32      351     9     0.23    107   0
      -46     -556    12     0.32     56   0
      -57       74    11     0.48     27   0
      -83       64    13     0.56    155   0
     -108     -551    10     0.08    179   0
     -109        7    14     0.31     32   0
     -116     -458    11     0.05     49   0
     -122     -257    10     0.19    162   0
     -125      564    12     0.41    109   0
     -133      689    14     0.59     48   0
     -143     -350    18     0.49     52   0
     -154     -336     9     0.22    141   0
     -165      213    10     0.11    119   0
     -167      731    10     0.25     50   0
     -191      615     9     0.19    167   0
     -194       93    11     0.22     20   0
     -213      184    10     0.19    120   0
     -220      410    10     0.49    126   0
     -227       81    12     0.54      4   0
     -236      379    13     0.32     92   0
     -302      125    17     0.35     65   0
     -368      201     9     0.10    180   0
     -434     -199     9     0.34    172   0
     -453      119    16     0.55     10   0
     -456      188    16     0.24     56   0
     -459     -520    11     0.36    178   0
     -494     -439    10     0.29    141   0
     -497     -209    10     0.75     76   0
     -498     -554     9     0.56    159   0
     -511      452    13     0.74     86   0
     -542      -19    11     0.30    111   0
     -577      228    12     0.57      1   0
     -588      137    13     0.17     55   0
     -650      438     9     0.14    150   0
     -660      205    10     0.29    140   0
     -700      145    12     0.41    161   0
