      648     -348    10     0.33    152   0
      642      363    10     0.16    127   0
      539     -470    10     0.59      1   0
      534      499     9     0.07     24   0
      502     -397    10     0.51    176   0
      434      499    10     0.17     76   0
      408     -178    10     0.32      5   0
      394     -529     9     0.24    145   0
      394      502     9     0.15      4   0
      374     -503    10     0.27     27   0
      364      285    10     0.20     68   0
      294     -319    10     0.42     15   0
      291      392     9     0.37     75   0
      283     -710     9     0.63    136   0
      252     -733     9     0.17    155   0
      252      394    11     0.41      7   0
      222      747    10     0.16     31   0
      188      -92    11     0.44     51   0
      174     -118    10     0.31     17   0
       82      116    13     0.14     79   0
       69       87     9     0.19    124   0
       56      310    10     0.16     87   0
       32      268    10     0.54    141   0
        2      500    10     0.26    153   0
      -23     -745    10     0.29    154   0
      -35      271    10     0.20     43   0
      -78      597    10     0.30    150   0
      -79     -191    11     0.31      3   0
      -87     -386    10     0.47     20   0
      -87      -70    10     0.67    175   0
      -95     -446     9     0.21     85   0
     -118      369    10     0.38    157   0
     -122     -260    10     0.43    169   0
     -131      -44    10     0.36    152   0
     -152      742     9     0.44      6   0
     -150     -232    10     0.05     41   0
     -191      561     9     0.30    138   0
     -207     -560    10     0.15    136   0
     -228     -240    11     0.32     40   0
     -255     -260    10     0.58    117   0
     -283       86     9     0.38    119   0
     -305     -453    10     0.39    115   0
     -319      681     9     0.65    170   0
     -354      128     9     0.45    108   0
     -365     -605    15     0.35     31   0
     -370     -586    11     0.28     93   0
     -464     -455     9     0.38     54   0
     -471     -384     9     0.40     51   0
     -482     -507    10     0.18    104   0
     -611       24     9     0.27    116   0
